8536851
8076476
8536868
8536875
8536675
8536668
8536637
8536613
8536606
8536563
8536644
833583
1154382
8358437
9882564
8536594
8536651
981408
358798
675279
833576
358712
358774
358736
385141
523419
241322
358536
9651922
9655212
9655205
523402
674933
674926
674919
63696
9882540
523390
241308
78164
241296
8536699
9530531
8536813
8536837
358781
9411191
9411184
8536806
8536794
63708
358686
8536756
674902
9651939
9411203
9655298
8536718
8536701
9655281
1142099
9530524
358693
8106106
358512
845957
358529
9882526
8536732
8536725
619660
358705
8483531
358729
834186
9995390
8466949
1085516
1085523
867599
867575
867582
1085585
1085592
867513
867506
1085604
1085611
1085628
1318470
1318487
1318513
1318520
1318494
1318506
1274282
9843516
867775
867799
867744
867768
867782
1085547
1085554
1318432
1318449
1318568
1318551
1318456
1318463
1274101
867713
867737
867706
867720
867670
867663
867687
867601
867632
867625
867649
1318544
1318537
1318582
1318575
1274118